 51 8 34 ;
 237 116 33 ; 70 293 28 ; 237 82 48 ; 243 106 6 ; 82 128 49 ;
 158 56 41 ; 93 37 45 ; 299 221 19 ; 112 194 28 ; 173 246 36 ;
 209 235 5 ; 92 57 48 ; 23 47 32 ; 71 290 39 ; 278 72 19 ;
 179 282 26 ; 170 127 15 ; 117 178 37 ; 136 290 31 ; 217 215 29 ;
 253 125 16 ; 210 217 24 ; 108 240 21 ; 141 64 11 ; 32 94 35 ;
 51 273 18 ; 179 143 47 ; 45 260 26 ; 184 149 16 ; 217 118 32 ;
 197 71 9 ; 215 282 28 ; 239 142 19 ; 62 35 35 ; 175 119 29 ;
 61 171 4 ; 281 102 47 ; 80 147 9 ; 6 31 10 ; 275 1 28 ;
 159 198 2 ; 168 165 36 ; 146 157 30 ; 117 219 16 ; 152 147 35 ;
 33 208 8 ; 187 241 13 ; 236 21 10 ; 246 28 44 ; 208 55 45 ;
 289 214 45 ; 193 82 10 ; 79 280 19 ; 159 98 39 ; 27 2 38 ;
 15 36 48 ; 173 223 39 ; 186 160 12 ; 99 158 42 ; 95 118 47 ;
 92 107 11 ; 287 0 45 ; 99 131 26 ; 121 291 26 ; 62 18 28 ;
 150 85 14 ; 198 11 38 ; 187 197 0 ; 1 48 8 ; 144 195 26 ;
 41 287 36 ; 205 26 36 ; 202 126 18 ; 180 247 11 ; 256 9 31 ;
 35 211 17 ; 149 109 28 ; 239 296 27 ; 241 49 28 ; 49 193 23 ;
 28 287 11 ; 114 244 37 ; 252 146 15 ; 222 27 14 ; 183 35 25 ;
 267 70 36 ; 84 272 45 ; 264 263 43 ; 41 205 43 ; 219 254 36 ;
 45 34 25 ; 106 148 19 ; 245 101 18 ; 211 23 47 ; 227 259 32 ;
 253 226 3 ; 189 10 27 ; 235 274 40 ; 80 67 45 ; 223 39 2 ;
 12 84 36 ; 139 242 37 ; 159 187 40 ; 129 150 15 ; 126 78 24 ;
 158 31 0 ; 13 272 12 ; 140 259 38 ; 231 40 8 ; 278 263 47 ;
 32 27 33 ; 121 167 27 ; 58 78 16 ; 200 207 17 ; 65 33 47 ;
 190 191 30 ; 292 205 2 ; 105 97 12 ; 295 28 4 ; 253 59 19 ;
 2 91 47 ; 135 264 16 ; 14 74 44 ; 81 274 1 ; 50 40 36 ;
 97 282 29 ; 279 274 36 ; 133 131 34 ; 247 127 14 ; 101 80 23 ;
 271 135 17 ; 220 270 31 ; 36 37 8 ; 230 118 32 ; 83 168 24 ;
 269 17 6 ; 150 48 31 ; 237 181 12 ; 121 129 41 ; 85 282 24 ;
 161 253 9 ; 80 173 31 ; 263 261 18 ; 221 243 36 ; 154 26 6 ;
 178 47 25 ; 185 198 25 ; 218 135 7 ; 82 8 38 ; 74 145 20 ;
 250 58 26 ; 209 138 1 ; 190 102 13 ; 261 75 6 ; 97 229 35 ;
 206 160 32 ; 83 97 30 ; 9 67 17 ; 168 149 25 ; 208 275 23 ;
 178 225 31 ; 206 186 20 ; 108 129 24 ; 23 90 49 ; 181 239 31 ;
 66 197 43 ; 299 281 40 ; 181 42 7 ; 251 262 8 ; 28 170 36 ;
 251 100 13 ; 285 7 0 ; 157 167 29 ; 131 190 19 ; 232 71 10 ;
 15 190 8 ; 258 241 39 ; 50 122 33 ; 209 125 45 ; 218 154 17 ;
 6 157 19 ; 19 142 28 ; 219 299 45 ; 0 182 37 ; 171 167 11 ;
 282 182 1 ; 290 193 44 ; 31 243 16 ; 114 205 44 ; 211 123 48 ;
 178 129 7 ; 49 200 0 ; 228 120 1 ; 25 172 36 ; 13 44 3 ;
 176 26 37 ; 229 68 32 ; 223 99 26 ; 91 213 31 ; 85 176 6 ;
 285 106 37 ; 95 155 37 ; 47 83 9 ; 298 161 32 ; 236 174 26 ;
 41 102 4 ; 29 83 22 ; 261 6 21 ; 189 149 36 ; 22 287 14 ;
 278 24 20 ; 167 119 27 ; 205 166 13 ; 166 217 24 ; 248 153 0 ;
 126 195 2 ; 30 276 35 ; 54 237 43 ; 177 179 44 ; 265 201 31 ;
 229 232 8 ; 51 99 27 ; 29 56 46 ; 142 223 13 ; 168 223 16 ;
 68 50 13 ; 70 132 39 ; 207 239 29 ; 102 116 8 ; 198 134 11 ;
 282 115 43 ; 90 167 45 ; 17 248 3 ; 215 142 26 ; 278 10 2 ;
 247 78 4 ; 110 200 36 ; 2 159 27 ; 131 13 46 ; 191 211 30 ;
 152 193 45 ; 98 283 14 ; 143 53 14 ; 296 268 6 ; 125 299 18 ;
 177 246 48 ; 31 108 48 ; 69 110 9 ; 47 293 22 ; 245 184 34 ;
 225 89 27 ; 72 187 13 ; 139 30 18 ; 153 78 38 ; 62 203 37 ;
 32 132 35 ; 81 215 44 ; 81 37 6 ; 241 136 2 ; 113 81 36 ;
 197 58 27 ; 227 130 16 ; 292 21 48 ; 162 227 27 ; 0 289 32 ;
 190 73 15 ; 77 154 32 ; 73 288 19 ; 180 229 5 ; 32 94 36 ;
 120 292 44 ; 50 271 27 ; 166 263 48 ; 65 177 25 ; 42 177 16 ;
 26 119 40 ; 143 249 46 ; 176 22 34 ; 245 254 15 ; 203 286 10 ;
 241 159 4 ; 38 261 27 ; 17 127 42 ; 265 192 19 ; 193 286 48 ;
 161 65 20 ; 203 208 19 ; 100 84 41 ; 36 82 48 ; 254 37 36 ;
 266 278 45 ; 22 68 6 ; 49 85 36 ; 91 103 30 ; 62 296 19 ;
 210 157 34 ; 282 61 42 ; 251 213 29 ; 295 1 13 ; 293 7 0 ;
 29 273 30 ; 277 295 49 ; 185 96 34 ; 273 239 37 ; 254 1 35 ;
 273 264 45 ; 109 246 8 ; 101 250 23 ; 282 297 24 ; 245 290 34 ;
 245 71 7 ; 28 100 5 ; 127 38 1 ; 63 11 43 ; 103 265 44 ;
 190 290 10 ; 135 99 7 ; 193 253 9 ; 216 235 6 ; 293 181 48 ;
 77 178 21 ; 186 206 24 ; 43 85 12 ; 245 201 25 ; 138 4 43 ;
 84 194 33 ; 295 82 35 ; 204 275 38 ; 115 244 23 ; 271 289 6 ;
 221 66 37 ; 242 4 45 ; 168 48 31 ; 80 45 34 ; 56 235 40 ;
 49 19 34 ; 84 66 18 ; 219 270 44 ; 59 85 40 ; 135 108 29 ;
 143 81 47 ; 30 76 3 ; 176 244 1 ; 159 25 48 ; 43 133 33 ;
 283 234 3 ; 169 70 21 ; 138 42 42 ; 134 101 29 ; 126 236 40 ;
 55 80 21 ; 154 162 47 ; 257 38 42 ; 161 249 19 ; 109 44 4 ;
 293 27 40 ; 248 249 10 ; 269 139 2 ; 13 273 6 ; 195 99 42 ;
 237 206 24 ; 8 112 37 ; 208 69 27 ; 52 282 27 ; 273 92 21 ;
 79 137 1 ; 119 137 2 ; 281 106 41 ; 186 172 16 ; 192 67 17 ;
 186 4 23 ; 13 64 35 ; 2 24 6 ; 29 76 41 ; 58 101 35 ;
 132 180 22 ; 285 51 11 ; 87 33 17 ; 80 271 39 ; 46 215 8 ;
 163 101 14 ; 238 166 29 ; 125 168 3 ; 133 250 32 ; 124 8 33 ;
 11 192 16 ; 35 177 19 ; 196 16 4 ; 164 96 25 ; 55 142 40 ;
 14 57 44 ; 28 295 10 ; 159 172 29 ; 15 6 29 ; 247 130 39 ;
 32 142 32 ; 50 177 11 ; 120 74 28 ; 274 290 24 ; 100 97 19 ;
 192 111 28 ; 86 192 24 ; 199 103 46 ; 180 118 4 ; 111 65 37 ;
 50 150 31 ; 234 252 8 ; 296 72 34 ; 74 47 26 ; 0 199 24 ;
 121 143 37 ; 0 282 31 ; 226 181 35 ; 272 113 3 ; 129 224 21 ;
 116 26 23 ; 297 261 25 ; 107 9 48 ; 44 135 47 ; 270 135 48 ;
 46 257 41 ; 286 9 23 ; 117 235 6 ; 52 259 19 ; 158 88 43 ;
 29 204 20 ; 102 201 33 ; 127 61 44 ; 277 105 29 ; 174 127 16 ;
 74 174 25 ; 66 160 34 ; 91 29 19 ; 298 134 29 ; 17 292 17 ;
 13 21 24 ; 283 175 25 ; 18 54 36 ; 62 32 43 ; 293 258 21 ;
 59 33 47 ; 135 151 9 ; 219 242 38 ; 239 292 22 ; 270 10 14 ;
 37 23 37 ; 61 58 14 ; 39 128 19 ; 77 242 3 ; 221 235 13 ;
 244 294 48 ; 141 181 49 ; 250 101 44 ; 140 92 36 ; 113 114 48 ;
 129 151 21 ; 219 265 31 ; 183 56 9 ; 254 133 1 ; 57 106 38 ;
 171 50 35 ; 121 243 16 ; 171 193 19 ; 267 86 13 ; 3 251 27 ;
 102 80 31 ; 275 51 46 ; 207 287 4 ; 18 241 39 ; 72 51 46 ;
 60 222 48 ; 95 42 14 ; 266 287 33 ; 233 73 47 ; 289 76 26 ;
 91 157 7 ; 118 260 5 ; 25 247 9 ; 96 189 49 ; 168 240 47 ;
 280 214 45 ; 128 9 39 ; 192 28 29 ; 77 13 4 ; 176 2 31 ;
 3 145 40 ; 60 264 0 ; 66 41 0 ; 127 189 41 ; 26 57 33 ;
 25 90 49 ; 123 218 8 ; 262 162 38 ; 193 291 2 ; 198 168 6 ;
 31 171 4 ; 21 283 20 ; 23 101 11 ; 25 229 1 ; 216 7 10 ;
 99 33 2 ; 248 208 22 ; 159 170 34 ; 97 116 28 ; 101 66 46 ;
 160 97 19 ; 64 170 2 ; 284 245 6 ; 297 271 35 ; 200 187 44 ;
 213 287 29 ; 15 287 37 ; 88 146 10 ; 74 296 26 ; 52 149 42 ;
 198 9 41 ; 19 125 13 ; 124 109 8 ; 30 159 29 ; 217 59 19 ;
 111 24 8 ; 143 40 45 ; 30 128 42 ; 140 254 40 ; 118 7 39 ;
 162 257 49 ; 55 277 26 ; 118 153 38 ; 127 183 47 ; 158 152 8 ;
 129 263 33 ; 87 158 23 ; 85 189 3 ; 229 81 7 ; 69 252 16 ;
 58 114 24 ; 109 170 3 ; 286 40 6 ; 24 219 41 ; 273 78 43 ;
 281 259 8 ; 66 47 17 ; 191 132 8 ; 196 61 39 ; 104 182 41 ;
 122 240 8 ; 46 102 30 ; 51 140 20 ; 209 216 40 ; 250 189 20 ;
 195 222 29 ; 104 289 28 ; 223 232 10 ; 231 129 23 ; 72 285 7 ;
 166 107 0 ; 74 206 2 ; 204 257 42 ; 126 219 10 ; 216 169 49 ;
 136 65 21 ; 68 221 12 ; 46 144 45 ; 209 75 24 ; 184 147 9 ;
 42 13 18 ; 192 139 24 ; 144 43 34 ; 288 222 3 ; 48 138 24 ;
 49 27 39 ; 220 95 10 ; 185 141 4 ; 30 50 31 ; 56 287 29 ;
 67 29 44 ; 185 221 34 ; 262 117 29 ; 48 157 1 ; 53 257 42 ;
 227 6 19 ; 219 278 16 ; 79 215 7 ; 136 245 10 ; 19 53 47 ;
 298 120 28 ; 95 58 49 ; 279 72 18 ; 10 120 25 ; 264 173 34 ;
 56 152 42 ; 227 71 22 ; 193 203 38 ; 0 91 33 ; 262 110 39 ;
 211 161 9 ; 189 256 19 ; 140 287 41 ; 260 297 13 ; 237 261 38 ;
 171 69 43 ; 163 296 14 ; 238 189 19 ; 176 242 10 ; 111 256 21 ;
 100 220 32 ; 262 161 38 ; 181 2 25 ; 225 14 24 ; 140 252 38 ;
 281 123 7 ; 274 39 6 ; 90 277 47 ; 110 205 39 ; 220 16 48 ;
 193 117 18 ; 275 79 29 ; 65 12 33 ; 142 289 48 ; 269 130 0 ;
 57 163 25 ; 266 137 16 ; 172 227 45 ; 20 89 0 ; 161 10 17 ;
 259 203 36 ; 277 231 15 ; 209 48 29 ; 142 191 19 ; 90 212 1 ;
 42 269 14 ; 118 287 3 ; 284 212 32 ; 180 284 22 ; 32 145 34 ;
 201 157 39 ; 187 186 20 ; 4 95 21 ; 134 290 12 ; 5 80 24 ;
 6 123 45 ; 222 293 32 ; 275 29 46 ; 7 261 30 ; 181 294 26 ;
 65 195 33 ; 205 135 21 ; 27 139 17 ; 198 25 7 ; 12 30 39 ;
 38 88 14 ; 33 10 7 ; 68 37 37 ; 14 45 48 ; 297 226 44 ;
 73 44 40 ; 58 249 25 ; 229 28 16 ; 248 227 42 ; 257 239 24 ;
 47 278 13 ; 63 175 21 ; 183 213 10 ; 250 258 10 ; 247 236 5 ;
 72 32 47 ; 130 33 24 ; 111 62 42 ; 112 289 34 ; 69 280 9 ;
 168 10 24 ; 232 126 49 ; 5 9 12 ; 65 11 22 ; 177 258 11 ;
 232 82 43 ; 281 212 29 ; 107 76 41 ; 150 188 32 ; 134 257 14 ;
 195 126 25 ; 121 110 3 ; 171 115 12 ; 185 180 26 ; 158 57 36 ;
 171 42 19 ; 216 23 33 ; 295 183 9 ; 136 33 49 ; 18 167 9 ;
 285 115 37 ; 210 236 47 ; 13 159 12 ; 177 45 44 ; 105 203 3 ;
 292 126 45 ; 13 42 21 ; 246 38 4 ; 8 174 37 ; 257 245 6 ;
 216 230 23 ; 105 192 10 ; 52 257 19 ; 166 186 14 ; 160 292 19 ;
 264 284 45 ; 161 297 38 ; 82 295 28 ; 238 3 4 ; 75 13 1 ;
 184 281 33 ; 107 87 25 ; 19 139 34 ; 91 6 21 ; 155 218 13 ;
 227 182 49 ; 124 44 48 ; 64 178 43 ; 42 117 49 ; 247 244 12 ;
 200 128 43 ; 84 288 30 ; 211 7 22 ; 296 98 30 ; 267 6 48 ;
 282 285 33 ; 281 109 27 ; 81 226 7 ; 124 268 24 ; 275 267 19 ;
 87 168 49 ; 233 4 39 ; 165 215 49 ; 237 263 49 ; 119 230 5 ;
 220 264 42 ; 203 297 4 ; 282 78 30 ; 239 255 0 ; 66 230 20 ;
 137 70 40 ; 36 3 44 ; 28 168 11 ; 27 158 25 ; 176 29 5 ;
 84 249 22 ; 276 204 19 ; 82 186 0 ; 62 178 5 ; 63 244 37 ;
 83 81 7 ; 75 169 12 ; 19 249 31 ; 230 276 41 ; 105 205 22 ;
 263 289 22 ; 85 17 26 ; 256 100 15 ; 206 162 45 ; 111 277 39 ;
 51 112 22 ; 8 187 43 ; 21 258 43 ; 254 189 21 ; 97 46 26 ;
 269 61 15 ; 143 198 33 ; 170 155 35 ; 187 61 47 ; 82 225 27 ;
 273 276 41 ; 297 36 29 ; 190 57 39 ; 85 63 30 ; 257 160 27 ;
 85 130 40 ; 151 273 39 ; 286 195 44 ; 273 134 7 ; 122 268 32 ;
 249 241 10 ; 241 238 47 ; 172 181 6 ; 61 266 20 ; 192 275 30 ;
 121 61 12 ; 111 264 38 ; 0 250 35 ; 96 223 22 ; 6 45 40 ;
 140 47 32 ; 251 40 20 ; 98 212 1 ; 106 25 20 ; 126 269 45 ;
 59 90 6 ; 173 254 20 ; 13 6 22 ; 49 103 47 ; 271 161 45 ;
 161 1 44 ; 45 252 34 ; 168 102 46 ; 171 209 23 ; 141 87 43 ;
 87 146 33 ; 145 72 39 ; 168 85 46 ; 192 134 1 ; 140 157 12 ;
 237 71 13 ; 81 116 16 ; 265 36 20 ; 113 208 31 ; 286 49 19 ;
 129 188 17 ; 115 86 39 ; 54 254 25 ; 52 146 11 ; 153 38 19 ;
 115 275 42 ; 131 108 10 ; 99 73 47 ; 169 238 5 ; 201 225 6 ;
 20 106 45 ; 37 273 33 ; 179 80 37 ; 54 132 35 ; 115 286 26 ;
 86 153 3 ; 128 284 12 ; 91 83 35 ; 38 5 26 ; 245 206 1 ;
 201 278 9 ; 98 67 35 ; 81 246 15 ; 70 52 47 ; 258 168 35 ;
 184 6 39 ; 137 187 25 ; 251 278 9 ; 87 68 16 ; 213 13 22 ;
 16 214 2 ; 277 65 21 ; 212 198 18 ; 279 21 20 ; 127 279 40 ;
 64 215 47 ; 155 104 34 ; 231 56 14 ; 142 195 32 ; 58 160 45 ;
 232 228 11 ; 84 205 26 ; 55 170 27 ; 25 149 48 ; 48 28 29 ;
 238 145 46 ; 187 0 0 ; 23 283 8 ; 137 125 3 ; 19 235 15 ;
 214 167 43 ; 128 3 1 ; 54 111 21 ; 283 188 22 ; 181 236 3 ;
 162 227 48 ; 58 166 48 ; 59 190 32 ; 219 27 9 ; 275 99 47 ;
 190 13 16 ; 86 193 20 ; 187 248 33 ; 210 283 21 ; 82 165 10 ;
 35 27 37 ; 133 86 3 ; 284 197 45 ; 118 168 25 ; 129 143 24 ;
 76 34 39 ; 243 120 33 ; 165 59 33 ; 198 269 16 ; 171 51 33 ;
 81 139 13 ; 270 24 1 ; 26 8 48 ; 271 178 18 ; 296 8 12 ;
 120 84 48 ; 62 79 18 ; 145 244 29 ; 228 194 48 ; 294 66 1 ;
 30 199 40 ; 93 170 17 ; 294 196 25 ; 144 219 6 ; 162 216 14 ;
 24 88 0 ; 272 150 30 ; 92 295 24 ; 271 275 19 ; 171 22 37 ;
 123 52 38 ; 265 145 8 ; 132 139 6 ; 60 283 26 ; 166 145 44 ;
 280 222 32 ; 282 194 35 ; 12 39 32 ; 287 10 8 ; 208 182 30 ;
 247 57 32 ; 185 22 29 ; 46 155 18 ; 154 215 3 ; 130 81 48 ;
 74 113 22 ; 159 95 17 ; 94 108 6 ; 76 147 18 ; 86 107 2 ;
 66 106 9 ; 150 291 32 ; 79 89 37 ; 199 244 4 ; 2 126 35 ;
 3 201 0 ; 225 112 45 ; 94 258 5 ; 250 86 4 ; 221 173 11 ;
 73 291 19 ; 35 194 11 ; 267 273 2 ; 106 225 46 ; 212 227 23 ;
 47 282 26 ; 99 260 40 ; 246 54 48 ; 254 57 36 ; 108 278 9 ;
 122 103 3 ; 241 138 47 ; 104 157 22 ; 57 263 47 ; 5 227 27 ;
 28 26 11 ; 56 125 21 ; 196 72 26 ; 46 26 33 ; 283 186 13 ;
 144 8 16 ; 49 250 5 ; 96 106 12 ; 169 163 28 ; 218 169 5 ;
 247 249 32 ; 259 6 9 ; 230 254 33 ; 8 53 9 ; 143 88 48 ;
 256 232 6 ; 173 282 8 ; 280 130 15 ; 244 51 30 ; 224 22 49 ;
 80 269 49 ; 14 280 7 ; 125 263 13 ; 9 271 16 ; 270 115 4 ;
 118 123 39 ; 27 48 23 ; 185 28 3 ; 202 25 7 ; 83 249 29 ;
 184 81 48 ; 235 147 29 ; 292 273 42 ; 108 282 15 ; 224 4 32 ;
 181 123 6 ; 122 150 6 ; 45 87 35 ; 98 42 10 ; 255 125 11 ;
 186 9 43 ; 35 297 40 ; 216 41 13 ; 60 149 47 ;